1 0.2921875 0.37824074074074077 0.09583333333333334 0.13055555555555556
1 0.38359375 0.38796296296296295 0.08385416666666666 0.12777777777777777
1 0.4635416666666667 0.39444444444444443 0.07916666666666666 0.13703703703703704
1 0.5307291666666667 0.4046296296296296 0.06875 0.14074074074074075
1 0.5875 0.4074074074074074 0.06145833333333333 0.12407407407407407
1 0.64453125 0.41898148148148145 0.0640625 0.10092592592592593
0 0.6919270833333333 0.4300925925925926 0.049479166666666664 0.06944444444444445
0 0.26276041666666666 0.6837962962962963 0.09635416666666667 0.11018518518518519
1 0.3640625 0.6805555555555556 0.0875 0.12407407407407407
1 0.4479166666666667 0.6680555555555555 0.06875 0.11944444444444445
1 0.5166666666666667 0.6574074074074074 0.06354166666666666 0.12407407407407407
1 0.5760416666666667 0.6597222222222222 0.06145833333333333 0.09907407407407408
1 0.6255208333333333 0.6476851851851851 0.059375 0.1175925925925926
1 0.67421875 0.6407407407407407 0.0640625 0.1037037037037037
